%YAML:1.2
link2world_pose: !!opencv-matrix
  rows: 4
  cols: 4
  dt: d
  #data: [ 0.607674, 0.786584, -0.10962, -0.081876,
  #        0.408914, -0.428214, -0.805868, -0.00546736,
  #        -0.680823, 0.444881, -0.58186, 0.618302,
  #        0, 0, 0, 1]
  data: [ 0.20908, 0.972581, -0.101852, -0.00951886, 
          0.757557, -0.226952, -0.612052, -0.0307775, 
         -0.618384, 0.0508108, -0.784235, 0.22775, 
          0, 0, 0, 1]
