%YAML:1.2
link2world_pose: !!opencv-matrix
  rows: 4
  cols: 4
  dt: d
  # Euler (0, 0, 0)
  # data: [ 1.0, 0, 0, -0.00951886, 
  #         0, 1.0, 0, -0.0307775, 
  #         0, 0, 1, 0.22775, 
  #         0, 0, 0, 1]
  # Euler (-90, 0, -90)
  data: [ 0, 0, 1.0, -0.00951886, 
          -1.0, 0, 0, -0.0307775, 
          0, -1.0, 0, 0.22775, 
          0, 0, 0, 1]
  # Euler (-90-15, 0, -90-15)
  # data: [ -0.2588, -0.25, 0.933, -0.00951886, 
  #         -0.9659, 0.067, -0.25, -0.0307775, 
  #         0, -0.9659, -0.2588, 0.22775, 
  #         0, 0, 0, 1]
